INF: 13, 14, 29, 30, 37, 38, 41, 42, 45, 46, 49, 50, 53, 54, 57, 58, 61, 62, 65, 66
ROM: 3, 4, 11, 12, 15, 16, 19, 20, 23, 24, 27, 28, 31, 32, 35, 36, 39, 40, 43, 44, 47, 48, 51, 52, 55, 56, 59, 60, 63, 64, 
OTH: 5, 6, 7, 8, 9, 10, 17, 18, 21, 22, 25, 26, 33, 34, 

INF: 5, 6, 9, 10, 13, 14, 17, 18, 21, 22, 25, 26, 29, 30, 33, 34, 37, 38, 41, 42, 45, 46, 49, 50, 53, 54, 57, 58, 61, 62, 65, 66
ROM: 3, 4, 7, 8, 11, 12, 15, 16, 19, 20, 23, 24, 27, 28, 31, 32, 35, 36, 39, 40, 43, 44, 47, 48, 51, 52, 55, 56, 59, 60, 63, 64, 

messed up
INF: 13, 14, 29, 30, 37, 38, 45, 46, 49, 50
OTH: 9, 10, 17, 18, 21, 22, 25, 26, 33, 34, 41, 42, 53, 54, 57, 58, 

bettr
INF: 13, 14, 29, 30, 37, 38, 45, 46, 53, 54, 57, 58, 61, 62, 65, 66, 69, 70, 77, 78, 81, 82, 85, 86, 89, 90, 93, 94, 
OTH: 9, 10, 17, 18, 21, 22, 25, 26, 33, 34, 41, 42, 49, 50, 73, 74, 97, 98 , 

21, 22 octogon

to print/use: 13, 45, 57 (maybe), 77, 81, 89 (maybe), 93, 109, 173, 193